-1.13675408955186067792864e-16
-5.69230686359505466676012e-01
1.20410217744272496060931e-17
6.66916672405979182869373e-01
-9.04097058656147690190008e-17
-1.04282368734236907670265e-01
-7.71441734022627125924475e-17
6.84063353699156020265582e-03
1.43063665489381382180101e-16
-2.50006884950302915755771e-04
-1.20410217744272483734979e-16
5.85024830890494609419170e-06
-4.15313208660329689785007e-16
-9.53477269113959764791315e-08
-4.33170656207149742514150e-17
1.14556135043650417942304e-09
8.75525142581235551589191e-17
